1111111001000010001111111
1000001011011011101000001
1011101001110110101011101
1011101011010111001011101
1011101000101011101011101
1000001010100111101000001
1111111010101010101111111
0000000000001100100000000
1111101111101111110101010
0010100101000001001110010
0010001001011111011011100
0011110001110110100100100
1011101011010001110110111
1010000000101010010110000
1000111000100111011100111
1001100010101000110101011
1010101000101001111110101
0000000010100010100010001
1111111010111110101010111
1000001000110100100011000
1011101011111110111110100
1011101010101000011100011
1011101011101110000010101
1000001010001110011011110
1111111010000010000100111
